194253097754
194253097433
195949394522
6973293800241
6975069305028
6931580104045
6931580102553
6931580106049
6973293800807
6973293809190
6973293807905
6931580102362
6931580102379
6973293803440
6973293807301
6975069303956
6973293800166
6975069301174
6975069303413
6975069300597
6975069300818
6973293802276
6975069302768
6931580101303
6973293802337
6975069303017
6975069300863
6973293803860
6975069305509
6975069305523
6975069302829
6973293800258
6973293800630
608887786323
608887786491
608887786521
608887786590
608887786699
608887786880
6924922202141
6924922203155
6924922204008
6924922209539
6924922209553
6924922209577
6924922223542
6924922223542
6924922226727
6924922259671
6934177707568
6934177716263
6934177716423
6934177716942
6934177717079
6934177723384
6934177724398
6934177745874
6934177749032
6934177751325
6934177755828
6934177767500
6934177785320
6934177787812
6934177787850
6934177788345
6934177794469
6934177796296
6934177798177
6934177799921
6941812703410
6941812704325
6941812706626
6941812706961
6941812744307
6941812748244
6941812766392
6941812767603
6941812768556
6941812771327
6941812771334
6941812771921
6941812774519
6941812774960
6941812774984
6941812775004
6941812786604
6941812788387
6941812790861
6941812791929
6941812791936
6941812791967
6941812795262
6941812795903
6941812795910
6941812795941
6941812795958
6941812796764
6941812798058
6941812799390
6941948703513
6971408152254


